;Unnamed: 0;parameter;value;temperature;solar_power;load_heat;load_elec;ele_price_in;gas_price;ele_price_out;ev_aval
0;sto;stocap;15.0;;;;;;;;
1;sto;initSOC;80.0;;;;;;;;
2;sto;eta;0.0;;;;;;;;
3;sto;minpow;0.0;;;;;;;;
4;sto;maxpow;0.0;;;;;;;;
5;sto;self_discharge;0.0;;;;;;;;
6;boiler;maxpow;2.0;;;;;;;;
7;boiler;minpow;0.0;;;;;;;;
8;boiler;eta;0.96;;;;;;;;
9;chp;minpow;0.0;;;;;;;;
10;chp;maxpow;0.0;;;;;;;;
11;hp;minpow;2.0;;;;;;;;
12;hp;maxpow;4.0;;;;;;;;
13;pv;maxpow;5.0;;;;;;;;
14;bat;stocap;2.5;;;;;;;;
15;bat;eta;0.96;;;;;;;;
16;bat;minpow;0.0;;;;;;;;
17;bat;maxpow;5.0;;;;;;;;
18;bat;initSOC;50.0;;;;;;;;
19;ev;stocap;40.0;;;;;;;;
20;ev;eta;0.98;;;;;;;;
21;ev;initSOC;20.0;;;;;;;;
22;ev;endSOC;90.0;;;;;;;;
23;ev;minpow;0.0;;;;;;;;
24;ev;maxpow;10.0;;;;;;;;
25;0;;;0.0;0.0;0.0;0.0005333333333333334;0.28183128758725023;0.07498754639175262;0.11;1.0
26;1;;;0.0;0.0;0.0;0.5163051051051054;0.2836547333201749;0.07295554639175263;0.11;1.0
27;2;;;0.0;0.0;0.0;0.5163051051051054;0.2854625289244715;0.07401154639175261;0.11;1.0
28;3;;;0.0;0.0;0.0;0.5163051051051054;0.2872469331420885;0.07052354639175264;0.11;1.0
29;4;;;0.0;0.0;0.0;0.7260540540540544;0.28900030488048;0.07658221305841928;0.11;1.0
30;5;;;0.0;0.0;0.0;0.7421885885885889;0.2907151359329357;0.07704087972508596;0.11;1.0
31;6;;;0.0;0.0;0.0;0.6615159159159163;0.2923840831298739;0.07467287972508596;0.11;1.0
32;7;;;0.0;0.0;0.0;0.5808432432432437;0.29399999978341945;0.07538221305841929;0.11;1.0
33;8;;;0.0;0.0;0.0;0.5324396396396399;0.2955559662906179;0.07016087972508596;0.11;1.0
34;9;;;0.0;0.0;0.0;0.5808432432432437;0.2970453197642363;0.06506754639175262;0.11;1.0
35;10;;;0.0;0.0;0.0;0.5163051051051054;0.2984616825642684;0.06461421305841929;0.11;1.0
36;11;;;0.0;0.0;0.0;0.4033633633633636;0.2997989896079674;0.06579821305841928;0.11;1.0
37;12;;;0.0;0.0;0.0;0.4033633633633636;0.3010515143414603;0.07258754639175262;0.11;1.0
38;13;;;0.0;0.0;0.0;0.4194978978978981;0.3022138932617302;0.07101421305841929;0.11;1.0
39;14;;;0.0;0.0;0.0;0.4194978978978981;0.3032811488839585;0.07368621305841927;0.11;1.0
40;15;;;0.0;0.0;0.0;0.4194978978978981;0.3042487110558786;0.07854487972508595;0.11;1.0
41;16;;;0.0;0.0;0.0;0.4517669669669672;0.3051124365278689;0.0718782130584193;0.11;1.0
42;17;;;0.0;0.0;0.0;0.4356324324324327;0.3058686266949828;0.07476887972508596;0.11;1.0
43;18;;;0.0;0.0;0.0;0.4356324324324327;0.3065140434349429;0.07568087972508594;0.11;1.0
44;19;;;0.0;0.0;0.0;0.4679015015015018;0.3070459229742766;0.0736435463917526;0.11;1.0
45;20;;;0.0;0.0;0.0;0.4679015015015018;0.3074619877232186;0.07191554639175263;0.11;1.0
46;21;;;0.0;0.0;0.0;0.4356324324324327;0.3077604560286992;0.07435287972508596;0.11;1.0
47;22;;;0.0;0.0;0.0;0.4517669669669672;0.3079400498036563;0.07736621305841929;0.11;1.0
48;23;;;0.0;0.0;0.0;0.5163051051051054;0.30800000000000005;0.07589421305841927;0.11;1.0
49;24;;;0.0;0.0;0.0;0.5647087087087089;0.30794004990179463;0.07349954639175263;0.11;1.0
50;25;;;0.0;0.0;0.0;0.6292468468468473;0.3077604562245556;0.07663554639175263;0.11;1.0
51;26;;;0.0;0.0;0.0;0.7260540540540544;0.3074619880159544;0.0771102130584193;0.11;1.0
52;27;;;0.0;0.0;0.0;0.8067267267267272;0.30704592336263825;0.08150487972508595;0.11;1.0
53;28;;;0.0;0.0;0.0;1.048744744744745;0.3065140439172673;0.07573954639175261;0.11;1.0
54;29;;;0.0;0.0;0.0;1.3391663663663669;0.3058686272692048;0.08032621305841929;0.11;1.0
55;30;;;0.0;0.0;0.0;1.0971483483483493;0.30511243719152936;0.08485954639175262;0.11;1.0
56;31;;;0.0;0.0;0.0;0.9680720720720728;0.3042487118061357;0.0870835463917526;0.11;1.0
57;32;;;0.0;0.0735105276704047;0.0;0.9035339339339344;0.3032811497175995;0.08335021305841929;0.11;1.0
58;33;;;0.0;0.1470210553408094;0.0;0.9196684684684692;0.3022138941751853;0.09216621305841928;0.11;1.0
59;34;;;0.0;0.2205315830112141;0.0;1.0810138138138146;0.3010515153308181;0.08969687972508596;0.11;1.0
60;35;;;0.0;0.2940421106816188;0.0;1.2907627627627631;0.2997989906689912;0.08896621305841927;0.11;1.0
61;36;;;0.0;0.3460835238627951;0.0;1.129417417417418;0.2984616836924147;0.08516354639175262;0.11;1.0
62;37;;;0.0;0.39812493704397145;0.0;1.4521081081081089;0.29704532095467423;0.08182487972508595;0.11;1.0
63;38;;;0.0;0.4501663502251477;0.0;1.1132828828828834;0.29555596753824986;0.08114754639175263;0.11;1.0
64;39;;;0.0;0.5022077634063239;0.0;1.161686486486487;0.2940000010829029;0.08119554639175261;0.11;1.0
65;40;;;0.0;0.565017061478587;0.0;1.5005117117117124;0.2923840844756442;0.08329687972508595;0.11;1.0
66;41;;;0.0;0.6278263595508501;0.0;0.9358030030030036;0.2907151373192301;0.0850995463917526;0.11;1.0
67;42;;;0.0;0.6906356576231131;0.0;1.484377177177178;0.2890003063013621;0.0837182130584193;0.11;1.0
68;43;;;0.0;0.7534449556953761;0.0;0.7421885885885889;0.28724693459147393;0.08182487972508595;0.11;1.0
69;44;;;0.0;0.772768254914467;0.0;0.6615159159159163;0.2854625303961537;0.08572354639175263;0.11;0.0
70;45;;;0.0;0.7920915541335579;0.0;0.7583231231231236;0.28365473480785197;0.08736087972508598;0.11;0.0
71;46;;;0.0;0.8114148533526488;0.0;0.7583231231231236;0.2818312890845517;0.08685954639175264;0.11;1.0
72;47;;;0.0;0.8307381525717399;0.0;0.7583231231231236;0.28000000150051424;0.0865662130584193;0.11;1.0
73;48;;;0.0;0.8462424588160591;0.0;0.9196684684684692;0.2781687139100513;0.08659287972508595;0.11;1.0
74;49;;;0.0;0.8617467650603778;0.0;1.1132828828828834;0.2763452681675022;0.08887554639175263;0.11;1.0
75;50;;;0.0;0.8772510713046969;0.0;1.2100900900900906;0.27453747254721084;0.08879021305841928;0.11;1.0
76;51;;;0.0;0.892755377549016;0.0;1.5005117117117124;0.272753068307297;0.08923821305841928;0.11;1.0
77;52;;;0.0;0.9039374410681812;0.0;1.661857057057058;0.2709996965404022;0.09194754639175264;0.11;1.0
78;53;;;0.0;0.915119504587346;0.0;1.4682426426426434;0.2692848654533587;0.10643287972508594;0.11;1.0
79;54;;;0.0;0.9263015681065112;0.0;0.9358030030030036;0.2676159182158965;0.10904621305841927;0.11;1.0
80;55;;;0.0;0.9374836316256758;0.0;0.9035339339339344;0.2660000015160641;0.09794221305841927;0.11;1.0
81;56;;;0.0;0.9445049896648459;0.0;0.8067267267267272;0.2644440349570141;0.0962622130584193;0.11;1.0
82;57;;;0.0;0.951526347704016;0.0;0.6615159159159163;0.26295468142620176;0.08761687972508594;0.11;1.0
83;58;;;0.0;0.9585477057431859;0.0;0.7260540540540544;0.261538318563878;0.08577154639175262;0.11;0.0
84;59;;;0.0;0.965569063782356;0.0;0.9196684684684692;0.2602010114530565;0.08097154639175262;0.11;0.0
85;60;;;0.0;0.9326047482913652;0.0;0.951937537537538;0.25894848664789755;0.08438487972508596;0.11;0.0
86;61;;;0.0;0.8996404328003741;0.0;0.6937849849849854;0.2577861076517251;0.07805954639175264;0.11;0.0
87;62;;;0.0;0.866676117309383;0.0;0.5001705705705708;0.25671885194968264;0.07476887972508596;0.11;0.0
88;63;;;0.0;0.8337118018183921;0.0;0.7421885885885889;0.2557512896943786;0.07557421305841927;0.11;0.0
89;64;;;0.0;0.7149514918471683;0.0;0.5324396396396399;0.2548875641357917;0.08028354639175261;0.11;0.0
90;65;;;0.0;0.5961911818759447;0.0;1.0164756756756763;0.25413137387923923;0.07901421305841927;0.11;0.0
91;66;;;0.0;0.477430871904721;0.0;1.1132828828828834;0.2534859570473817;0.07582487972508596;0.11;0.0
92;67;;;0.0;0.3586705619334972;0.0;1.1778210210210214;0.2529540774140852;0.07723821305841927;0.11;0.0
93;68;;;0.0;0.32495832700709193;0.0;1.5973189189189199;0.25253801256951736;0.07114221305841929;0.11;0.0
94;69;;;0.0;0.29124609208068664;0.0;2.0974894894894907;0.2522395441671573;0.07490221305841928;0.11;0.0
95;70;;;0.0;0.2575338571542813;0.0;1.9522786786786797;0.2520599502944821;0.07479554639175262;0.11;0.0
96;71;;;0.0;0.223821622227876;0.0;1.4037045045045051;0.2520000000000001;0.07749421305841929;0.11;0.0
97;72;;;0.0;0.16786621667090698;0.0;1.2262246246246251;0.2520599500000672;0.0728382130584193;0.11;0.0
98;73;;;0.0;0.111910811113938;0.0;1.5811843843843854;0.2522395435795881;0.07564354639175262;0.11;0.0
99;74;;;0.0;0.055955405556969005;0.0;1.371435435435436;0.25253801169131;0.07988354639175263;0.11;0.0
100;75;;;0.0;0.0;0.0;1.0648792792792798;0.25295407624900024;0.0807742130584193;0.11;0.0
101;76;;;0.0;0.0;0.0;0.984206606606607;0.2534859556004083;0.07620354639175261;0.11;0.0
102;77;;;0.0;0.0;0.0;0.9196684684684692;0.25413137215657344;0.07840087972508596;0.11;0.0
103;78;;;0.0;0.0;0.0;1.5166462462462467;0.25488756214481034;0.07710487972508595;0.11;0.0
104;79;;;0.0;0.0;0.0;1.161686486486487;0.2557512874436073;0.07613954639175262;0.11;0.0
105;80;;;0.0;0.0;0.0;1.839336936936938;0.2567188494487596;0.07650754639175263;0.11;0.0
106;81;;;0.0;0.0;0.0;1.7586642642642654;0.2577861049113596;0.07538754639175263;0.11;0.0
107;82;;;0.0;0.0;0.0;1.3391663663663669;0.25894848367982426;0.07230487972508595;0.11;0.0
108;83;;;0.0;0.0;0.0;1.161686486486487;0.2602010082699852;0.07380887972508596;0.11;0.0
109;84;;;0.0;0.0;0.0;1.371435435435436;0.2615383151794391;0.07752621305841928;0.11;0.0
110;85;;;0.0;0.0;0.0;1.274628228228229;0.2629546778548879;0.07841154639175263;0.11;0.0
111;86;;;0.0;0.0;0.0;1.2100900900900906;0.2644440312141183;0.07811287972508596;0.11;0.0
112;87;;;0.0;0.0;0.0;1.4359735735735744;0.26599999761761384;0.07825154639175261;0.11;0.0
113;88;;;0.0;0.0;0.0;1.1132828828828834;0.2676159141785857;0.07935554639175263;0.11;0.0
114;89;;;0.0;0.0;0.0;0.8228612612612617;0.2692848612944756;0.07818754639175261;0.11;0.0
115;90;;;0.0;0.0;0.0;0.9196684684684692;0.2709996922777559;0.08091821305841929;0.11;0.0
116;91;;;0.0;0.0;0.0;1.0003411411411416;0.2727530639591408;0.07828354639175263;0.11;0.0
117;92;;;0.0;0.0;0.0;0.9358030030030036;0.2745374681321641;0.08032621305841929;0.11;0.0
118;93;;;0.0;0.0;0.0;0.8873993993994002;0.2763452637044709;0.07993154639175262;0.11;0.0
119;94;;;0.0;0.0;0.0;0.951937537537538;0.2781687094181468;0.07888087972508595;0.11;0.0
120;95;;;0.0;0.0;0.0;0.7744576576576582;0.2997432989690723;0.07993154639175262;0.11;0.0
